3
6
11
15
18
23
26
29
34
37
42
45
50
53
58
61
66
69
74
77
82
85
90
93
98
101
106
109
114
117
122
125
130
133
138
141
146
149
156
1284
1287
1329
1340
1345
1350
1355
1360
1365
1370
1375
1380
1385
1390
1395
1400
1405
1410
1415
1457
1470
1474
1478
1487
1491
1495
1504
1508
1512
1521
1525
1529
1538
1542
1546
1555
1559
1563
1572
1576
1580
1589
1593
1597
1606
1610
1614
1623
1627
1631
1640
1644
1648
1657
1661
1665
1674
1678
1682
1691
1695
1699
1708
1712
1716
1725
1729
1733
1745
1749
1757
1779
1783
1791
1813
1817
1825
1847
1851
1859
1881
1885
1893
1915
1919
1927
1936
2298
2302
2337
2356
2381
2400
2425
2444
2469
2488
2513
2532
2557
2576
2597
2599
2604
2609
2644
2663
2688
2707
2732
2751
2776
2795
2820
2839
2864
2883
2920
2938
2943
2945
3051
3145
3158
3162
3166
3175
3179
3183
3192
3196
3200
3209
3213
3217
3226
3230
3234
3243
3247
3251
3260
3264
3268
3277
3281
3285
3294
3298
3302
3311
3315
3319
3328
3332
3336
3345
3349
3353
3362
3366
3370
3379
3383
3387
3396
3400
3404
3413
3417
3421
3433
3437
3445
3467
3471
3479
3501
3505
3513
3535
3539
3547
3569
3573
3581
3603
3607
3615
3624
3679
3692
3696
3700
3709
3713
3717
3726
3730
3734
3743
3747
3751
3760
3764
3768
3777
3781
3785
3794
3798
3802
3811
3815
3819
3828
3832
3836
3845
3849
3853
3862
3866
3870
3879
3883
3887
3896
3900
3904
3913
3917
3921
3930
3934
3938
3947
3951
3955
3967
3971
3981
3988
3991
4013
4017
4027
4034
4037
4059
4063
4073
4080
4083
4105
4109
4119
4126
4129
4151
4155
4165
4172
4175
4197
4201
4211
4218
4221
4230
4253
4263
4292
4319
4346
4373
4400
4427
4454
4481
4508
4535
4562
4589
4616
4643
4670
4697
4724
4751
4778
4805
4832
4859
4886
4913
4940
4967
4994
